01001000000110000000000000000000
00011000000100000100000001000110
01001000000111110100000000000000
00011000000100000100000000001010
01001000000110000100000000000000
00011000000100000100000000001010
01001000000110001000000000000000
00011000000100000100000000001010
00011000000100000100000000000001
00101100000111111100000000000000
01001000000110001100000000000000
01001000000110010000000000000000
00011000000100000100000000001010
01001000000110010100000000000000
00011000000100000100000000001010
01001000000110011000000000000000
00011000000100000100000000001010
01100110110010101100001010001100
01001100000000000000001010001100
00011000000100000100000000000001
00101100000101111100000000000000
00011000000100000100000000000001
00101100000100001000000000000000
01001000000100001000000000000000
00011000000100000100000000000001
00101100000111111100000000000000
01001000000100010100000000000000
00011000000100000100000000000001
00101100000111111100000000000000
01001000000100011000000000000000
00011000000100000100000000000001
00101100000111111100000000000000
01001000000100011100000000000000
00011100000000100100000000000000
00101100010100100100000000000000
00011100000000100110101011111000
00101100011100100100000000000000
00011100000000100100011101101101
00101100011000100100000000000000
00100000010100100000000000000000
00011100000000101000000000000110
01100110110010101100000000101101
01100000100000101000000000101101
01100110110010101100000001010001
01001100000000000000000001010001
01011000000000000000000000000000
00100000010100101100000000000000
00100000011100110000000000000000
00000010010100101100110100000011
00101100110100110000000000000000
00100000010100110000000000000000
00011100000000110100000000000000
00000010001000110000101000000011
00101100101000110100000000000000
00100000010100101000000000000000
00011100000000111000000000000000
00000010011000101000110100000011
00101100110100111000000000000000
00100000010100110100000000000000
00100000010100111000000000000000
00000010000100110100111100000011
00101100111100111000000000000000
00100000010100111000000000000000
00100000011000111100000000000000
00000011110100111001000000000011
00101101000000111100000000000000
00100000011000111100000000000000
00011100000001000100000100101100
00000000111101000101000000000010
00101100011001000000000000000000
00100000011100111100000000000000
00011100000001000100001111101000
00000000111101000101000000000011
00101100011101000000000000000000
00100000010100111100000000000000
00011100000001000100000000000001
00000000111101000101000000000010
00101100010101000000000000000000
01011000000000000000000000000000
01100110110010101100000000100111
01001100000000000000000000100111
01001000001000000100000000000000
00100000000100001000000000000000
00010100000100000100000000000001
00100000000101111100000000000000
00010100000100000100000000000001
01001000000000000000000000000000
00001000000001111100000000001001
00011000000100000100000000000001
00101100000101111100000000000000
00011000000100000100000000000001
00101100000100001000000000000000
01001000000100001000000000000000
00011000000100000100000000000001
00101100000111111100000000000000
01001000000100010100000000000000
00011100000000011100000000000000
00101100010100011100000000000000
00100000010100011000000000000000
00011100000000100000000000001001
01100110110010101100000001101000
01100000011000100000000001101000
01100110110010101100000001111100
01001100000000000000000001111100
01011000000000000000000000000000
00100000010100100100000000000000
00011100000000101000000000000000
00000010001000100100100000000011
00101100100000101000000000000000
00100000010100100000000000000000
00011100000000101100000000000000
00000010011000100000101000000011
00101100101000101100000000000000
00100000010100101000000000000000
00011100000000110000000000000000
00000010010000101000101100000011
00101100101100110000000000000000
00100000010100101100000000000000
00011100000000110100000000000001
00000000101100110100110000000010
00101100010100110000000000000000
01011000000000000000000000000000
01100110110010101100000001100010
01001100000000000000000001100010
00011100000000100000000000000000
00101110001100100000000000000000
00011100000000101100000000000000
01001000101111001100000000000000
00011100000000110000000000000000
01001000110010100100000000000000
00011100000000110100000000000000
01001000110111110000000000000000
01001000001000000100000000000000
00100000000100001000000000000000
00010100000100000100000000000001
00100000000101111100000000000000
00010100000100000100000000000001
01001000000000000000000000000000
00001000000001111100000000001001
00011000000100000100000000000001
00101100000101111100000000000000
00011000000100000100000000000001
00101100000100001000000000000000
01001000000100001000000000000000
00011100000010111000000000011010
01101010111000000000000000000000
01000000000000001100000000000000
01001000001100011100000000000000
01001000011110100100000000000000
01001000001000000100000000000000
00100000000100001000000000000000
00010100000100000100000000000001
00100000000101111100000000000000
00010100000100000100000000000001
01001000000000000000000000000000
00001000000001111100000000001001
00011000000100000100000000000001
00101100000101111100000000000000
00011000000100000100000000000001
00101100000100001000000000000000
01001000000100001000000000000000
00011100000000010100000000000110
01001000010111101100000000000000
01011000000000000000000000000000
00011100000010111000000000011111
01101010111000000000000000000000
01001011101100100000000000000000
00000011110100100000101000000011
00100000101000100100000000000000
01001000100110110000000000000000
01001011101100101000000000000000
00000010010100101000110000000011
00100000110000101100000000000000
01001000101111111000000000000000
01001000000110101000000000000000
01001010100000000100000000000000
00011100000011101000000010110011
00011100000010101100001111101001
01001100000000000000001111101001
01001010100000000100000000000000
00011100000011101000000010110111
00011100000010101100010010110001
01001100000000000000010010110001
01001010101000000100000000000000
01011000000000000000000000000000
00011100000000110000000000000000
01001000110010110000000000000000
01011000000000000000000000000000
01001000001000000100000000000000
00100000000100001000000000000000
00010100000100000100000000000001
00100000000101111100000000000000
00010100000100000100000000000001
01001000000000000000000000000000
00001000000001111100000000001001
00011000000100000100000000000001
00101100000101111100000000000000
00011000000100000100000000000001
00101100000100001000000000000000
01001000000100001000000000000000
00011000000100000100000000000001
00101100000111111100000000000000
01001000000100010100000000000000
00011100000000011100000000000000
00101100010100011100000000000000
00100000010100011000000000000000
00011100000000100000000000000011
01100110110010101100000011010011
00110100011000100000000011010011
01100110110010101100000011111011
01001100000000000000000011111011
00100000010100100000000000000000
00011100000000101000000000000001
00000000100000101000100100000010
00000010010000100100101000000011
00100000101000100000000000000000
01001000100011101100000000000000
01011000000000000000000000000000
00011100000010111000000000001100
01101010111000000000000000000000
01001011101100110100000000000000
00000011110100110100111100000011
00100000111100111000000000000000
01001000111010110000000000000000
01001011101100111100000000000000
00000010010100111101000100000011
00100001000101000000000000000000
01001001000011111000000000000000
01001000000110101000000000000000
01001010100000000100000000000000
00011100000011101000000011101001
00011100000010101100001111101001
01001100000000000000001111101001
01001010100000000100000000000000
00011100000011101000000011101101
00011100000010101100010010110001
01001100000000000000010010110001
01001010101000000100000000000000
01011000000000000000000000000000
00011100000001000100000000000000
01001001000110110000000000000000
01011000000000000000000000000000
00100000010110111000000000000000
01001010111000000000000000000000
01000100000000000000000000000000
00100000010101001000000000000000
00011100000001001100000000000001
00000001001001001100110000000010
00101100010100110000000000000000
01100110110010101100000011001101
01001100000000000000000011001101
01011000000000000000000000000000
00011100000000100000000000000000
01001000100010110000000000000000
01011000000000000000000000000000
01001000001000000100000000000000
00100000000100001000000000000000
00010100000100000100000000000001
00100000000101111100000000000000
00010100000100000100000000000001
01001000000000000000000000000000
00001000000001111100000000001001
00011000000100000100000000000001
00101100000101111100000000000000
00011000000100000100000000000001
00101100000100001000000000000000
01001000000100001000000000000000
00011100000010111000000000011011
01101010111000000000000000000000
01011000000000000000000000000000
01011000000000000000000000000000
01001010100100011100000000000000
00011100000000100000000000000001
01100110110010101100000100100001
00111100011100100000000100100001
00011100000000101000000000000001
00011100000000100100000000000000
00000010010000101000010100000011
00101100010100100100000000000000
00011100000000100100000000000010
00011100000000101100000000000001
00000010010000100100010100000011
00101100010100101100000000000000
00011100000000101100000000000011
00011100000000110000000000000010
00000010010000101100010100000011
00101100010100110000000000000000
01100110110010101100000101011000
01001100000000000000000101011000
01001010100100010100000000000000
00011100000000110000000000000010
01100110110010101100000100110011
00111100010100110000000100110011
00011100000000111000000000000001
00011100000000111100000000000000
00000010010000111000110100000011
00101100110100111100000000000000
00011100000000111100000000000010
00011100000001000000000000000001
00000010010000111100110100000011
00101100110101000000000000000000
00011100000001000000000000000011
00011100000001000100000000000011
00000010010001000000110100000011
00101100110101000100000000000000
01100110110010101100000101011000
01001100000000000000000101011000
01001010100100110000000000000000
00011100000001000100000000000011
01100110110010101100000101000101
00111100110001000100000101000101
00011100000001001100000000000001
00011100000001010000000000000000
00000010010001001101001000000011
00101101001001010000000000000000
00011100000001010000000000000010
00011100000001010100000000000011
00000010010001010001001000000011
00101101001001010100000000000000
00011100000001010100000000000011
00011100000001011000000000000100
00000010010001010101001000000011
00101101001001011000000000000000
01100110110010101100000101011000
01001100000000000000000101011000
01001010100101000100000000000000
00011100000001011000000000000100
01100110110010101100000101010111
00111101000101011000000101010111
00011100000001100000000000000001
00011100000001100100000000000011
00000010010001100001011100000011
00101101011101100100000000000000
00011100000001100100000000000010
00011100000001101000000000000100
00000010010001100101011100000011
00101101011101101000000000000000
00011100000001101000000000000011
00011100000001101100000000000101
00000010010001101001011100000011
00101101011101101100000000000000
01100110110010101100000101011000
01001100000000000000000101011000
01011000000000000000000000000000
01001000001000000100000000000000
00100000000100001000000000000000
00010100000100000100000000000001
00100000000101111100000000000000
00010100000100000100000000000001
01001000000000000000000000000000
00001000000001111100000000001001
00011000000100000100000000000001
00101100000101111100000000000000
00011000000100000100000000000001
00101100000100001000000000000000
01001000000100001000000000000000
00011000000100000100000000000001
00101100000111111100000000000000
01001000000100010100000000000000
00011000000100000100000000000001
00101100000111111100000000000000
01001000000100011000000000000000
00011000000100000100000000000001
00101100000111111100000000000000
01001000000100011100000000000000
00011100000000100100000000011001
00101100010100100100000000000000
00011100000000100100000011111111
00101100011000100100000000000000
00011100000000100100000000000000
00101100011100100100000000000000
00011100000010111000011111010000
00100000010110111100000000000000
00101110111010111100000000000000
00011100000010111000011111010001
00100000011010111100000000000000
00101110111010111100000000000000
00011100000010111000011111010010
00100000011110111100000000000000
00101110111010111100000000000000
01001000001000000100000000000000
00100000000100001000000000000000
00010100000100000100000000000001
00100000000101111100000000000000
00010100000100000100000000000001
01001000000000000000000000000000
00001000000001111100000000001001
00011000000100000100000000000001
00101100000101111100000000000000
00011000000100000100000000000001
00101100000100001000000000000000
01001000000100001000000000000000
00011100000010111000000000100000
01101010111000000000000000000000
01011000000000000000000000000000
01001000001000000100000000000000
00100000000100001000000000000000
00010100000100000100000000000001
00100000000101111100000000000000
00010100000100000100000000000001
01001000000000000000000000000000
00001000000001111100000000001001
00011000000100000100000000000001
00101100000101111100000000000000
00011000000100000100000000000001
00101100000100001000000000000000
01001000000100001000000000000000
00011000000100000100000000000001
00101100000111111100000000000000
01001000000100010100000000000000
00011000000100000100000000000001
00101100000111111100000000000000
01001000000100011000000000000000
00011000000100000100000000000001
00101100000111111100000000000000
01001000000100011100000000000000
00011000000100000100000000000001
00101100000111111100000000000000
01001000000100100000000000000000
00011000000100000100000000000001
00101100000111111100000000000000
01001000000100100100000000000000
00011000000100000100000000000001
00101100000111111100000000000000
01001000000100101000000000000000
00011000000100000100000000000001
00101100000111111100000000000000
01001000000100101100000000000000
00011100000010111000000000100001
01101010111000000000000000000000
00011100000001000000001111101000
00101100011001000000000000000000
00011100000000111100000000000000
00101100010100111100000000000000
00100000010100110100000000000000
00011100000001000000000000000000
01100110110010101100000110111000
00110000110101000000000110111000
01100110110010101100000110111101
01001100000000000000000110111101
00100000011010111000000000000000
00100010111001000100000000000000
00101100010101000100000000000000
01100110110010101100000110110010
01001100000000000000000110110010
00100000011001000000000000000000
00011100000001000100000000000001
00000001000001000100111000000010
01001000111010111000000000000000
00011100000010111100000000000001
00101110111010111100000000000000
00100000011001001100000000000000
00011100000001010000000000000010
00000001001101010001001000000010
01001001001010111000000000000000
00100010111001001100000000000000
00101100011101001100000000000000
00100000011001001100000000000000
00011100000001010100000000000011
00000001001101010101010000000010
01001001010010111000000000000000
00100010111001001100000000000000
00101100100001001100000000000000
00100000011001001100000000000000
00011100000001010100000000000100
00000001001101010100010000000010
01001000010010111000000000000000
00100010111001001100000000000000
00101100100101001100000000000000
00100000100101001100000000000000
00101110001101001100000000000000
00100000011001001100000000000000
00011100000001011000000000000101
00000001001101011001010100000010
01001001010110111000000000000000
00100010111001001100000000000000
00101100101001001100000000000000
00100000011001001100000000000000
00011100000001011100000000000110
00000001001101011101011000000010
01001001011010111000000000000000
00100010111001001100000000000000
00101100101101001100000000000000
00011100000010111000000111110100
00100000011110111100000000000000
00101110111010111100000000000000
00011100000010111000000111110101
00100000100010111100000000000000
00101110111010111100000000000000
00011100000010111000000111110110
00100000100110111100000000000000
00101110111010111100000000000000
00011100000010111000000111110111
00100000101010111100000000000000
00101110111010111100000000000000
00011100000010111000000111111000
00100000101110111100000000000000
00101110111010111100000000000000
01011000000000000000000000000000
01001000001000000100000000000000
00100000000100001000000000000000
00010100000100000100000000000001
00100000000101111100000000000000
00010100000100000100000000000001
01001000000000000000000000000000
00001000000001111100000000001001
00011000000100000100000000000001
00101100000101111100000000000000
00011000000100000100000000000001
00101100000100001000000000000000
01001000000100001000000000000000
00100000001011010000000000000100
00011000000100000100000000000001
00101100000111111100000000000000
01001000000100010100000000000000
01001011010000011000000000000000
00011100000000100000000000000001
01100110110010101100001000001100
00111100011000100000001000001100
00011100000010111000011111010000
00100010111000110000000000000000
00101100010100110000000000000000
01100110110010101100001000100001
01001100000000000000001000100001
01001011010000100000000000000000
00011100000000110100000000000010
01100110110010101100001000010101
00111100100000110100001000010101
00011100000010111000011111010001
00100010111000111100000000000000
00101100010100111100000000000000
01100110110010101100001000100001
01001100000000000000001000100001
01001011010000110100000000000000
00011100000001000000000000000011
01100110110010101100001000011110
00111100110101000000001000011110
00011100000010111000011111010010
00100010111001001000000000000000
00101100010101001000000000000000
01100110110010101100001000100001
01001100000000000000001000100001
00011100000001000000000000000000
00101100010101000000000000000000
01011000000000000000000000000000
00100000010101000000000000000000
01001001000010110100000000000000
01001000001000000100000000000000
00100000000100001000000000000000
00010100000100000100000000000001
00100000000101111100000000000000
00010100000100000100000000000001
00001000000001111100000000001001
00011000000100000100000000000001
00101100000101111100000000000000
00011000000100000100000000000001
00101100000100001000000000000000
01001000000100001000000000000000
00011000000100000100000000000001
00101100000111111100000000000000
01001000000100010100000000000000
00011000000100000100000000000001
00101100000111111100000000000000
01001000000100011000000000000000
00011000000100000100000000000001
00101100000111111100000000000000
01001000000100011100000000000000
00011000000100000100000000000001
00101100000111111100000000000000
01001000000100100000000000000000
00011000000100000100000000000001
00101100000111111100000000000000
01001000000100100100000000000000
00011000000100000100000000000001
00101100000111111100000000000000
01001000000100101000000000000000
00011100000010111000000000100010
01101010111000000000000000000000
00011100000010111000000111110101
00100010111000111100000000000000
00101100011000111100000000000000
00011100000010111000000111110110
00100010111001000000000000000000
00101100010101000000000000000000
00011100000010111000000111110111
00100010111001000100000000000000
00101100011101000100000000000000
00100000010101000100000000000000
00011100000001001000000000000001
01100110110010101100001001010101
00111101000101001000001001010101
00011100000001010000000001111100
00101100100101010000000000000000
00100000011101001100000000000000
00101100100001001100000000000000
01100110110010101100001001111000
01001100000000000000001001111000
00100000010101001000000000000000
00011100000001010000000000000010
01100110110010101100001001011111
00111101001001010000001001011111
00011100000001011000000001111100
00101100100101011000000000000000
00100000011101010100000000000000
00101100100001010100000000000000
01100110110010101100001001111000
01001100000000000000001001111000
00100000010101010000000000000000
00011100000001011000000000000011
01100110110010101100001001110111
00111101010001011000001001110111
00011100000001100000000001111100
00100000011001011100000000000000
00000001100001011101100100000010
00101100100101100100000000000000
00011000000100000100000000000001
00100000011010111000000000000000
00101100000110111000000000000000
01100110110010101100000111111010
01010000000000000000000111111010
00010100000100000100000000000001
00100000001000010111111111111110
00100000001000011011111111111100
00100000001000011111111111111010
00100000001000100011111111111000
00100000001000100111111111110110
00100000001000101011111111110100
01001010110101100000000000000000
00101100100001100000000000000000
01100110110010101100001001111000
01001100000000000000001001111000
01011000000000000000000000000000
00011100000010111000001111110000
00100000100110111100000000000000
00101110111010111100000000000000
00011100000010111000001111110001
00100000010110111100000000000000
00101110111010111100000000000000
00011100000010111000001111110010
00100000100010111100000000000000
00101110111010111100000000000000
00011100000010111000001111110011
00011100000010111100000000000001
00101110111010111100000000000000
01011000000000000000000000000000
01001000001000000100000000000000
00100000000100001000000000000000
00010100000100000100000000000001
00100000000101111100000000000000
00010100000100000100000000000001
01001000000000000000000000000000
00001000000001111100000000001001
01100110110010101100000000010011
01010000000000000000000000010011
00011100000010111000000000000000
01101010111000000000000000000000
01011000000000000000000000000000
00011100000000011000000000000000
01001000011010110000000000000000
00011100000000011100000000000011
01001000011111110000000000000000
01011000000000000000000000000000
01011000000000000000000000000000
01100110110010101100000010001011
01010000000000000000000010001011
01011000000000000000000000000000
00011100000000100000000000000000
01001000100010110000000000000000
01011000000000000000000000000000
01001010100100100100000000000000
00011100000000101100000000000110
01100110110010101100001010100011
00111100100100101100001010100011
01100110110010101100001011000001
01001100000000000000001011000001
01100110110010101100000100000110
01010000000000000000000100000110
01100110110010101100000101011111
01010000000000000000000101011111
01100110110010101100000110000011
01010000000000000000000110000011
01100110110010101100000110010010
01010000000000000000000110010010
00100010001100101100000000000000
00011100000000110100000000000011
01100110110010101100001010110011
00111100101100110100001010110011
01100110110010101100001000101001
01010000000000000000001000101001
01100110110010101100001010111010
01001100000000000000001010111010
01011000000000000000000000000000
01100110110010101100000011000011
01010000000000000000000011000011
01100110110010101100000010011100
01010000000000000000000010011100
01100110110010101100001000101001
01010000000000000000001000101001
01011000000000000000000000000000
00011100000000110100000000000000
01001000110110110000000000000000
01100110110010101100000010001011
01010000000000000000000010001011
01100110110010101100001010011101
01001100000000000000001010011101
01011000000000000000000000000000
01011000000000000000000000000000
01011000000000000000000000000000
00011100000010111000000000011100
01101010111000000000000000000000
01011000000000000000000000000000
01011000000000000000000000000000
01011000000000000000000000000000
01011000000000000000000000000000
01010100000000000000000000000000
